0	500
1	501
2	502
3	503
4	504
5	505
6	506
7	507
8	508
9	509
10	510
11	511
12	512
13	513
14	514
15	515
16	516
17	517
18	518
19	519
20	520
21	521
22	522
23	523
24	524
25	525
26	526
27	527
28	528
29	529
30	530
31	531
32	532
33	533
34	534
35	535
36	536
37	537
38	538
39	539
40	540
41	541
42	542
43	543
44	544
45	545
46	546
47	547
48	548
49	549
50	550
51	551
52	552
53	553
54	554
55	555
56	556
57	557
58	558
59	559
60	560
61	561
62	562
63	563
64	564
65	565
66	566
67	567
68	568
69	569
70	570
71	571
72	572
73	573
74	574
75	575
76	576
77	577
78	578
79	579
80	580
81	581
82	582
83	583
84	584
85	585
86	586
87	587
88	588
89	589
90	590
91	591
92	592
93	593
94	594
95	595
96	596
97	597
98	598
99	599
100	600
101	601
102	602
103	603
104	604
105	605
106	606
107	607
108	608
109	609
110	610
111	611
112	612
113	613
114	614
115	615
116	616
117	617
118	618
119	619
120	620
121	621
122	622
123	623
124	624
125	625
126	626
127	627
128	628
129	629
130	630
131	631
132	632
133	633
134	634
135	635
136	636
137	637
138	638
139	639
140	640
141	641
142	642
143	643
144	644
145	645
146	646
147	647
148	648
149	649
150	650
151	651
152	652
153	653
154	654
155	655
156	656
157	657
158	658
159	659
160	660
161	661
162	662
163	663
164	664
165	665
166	666
167	667
168	668
169	669
170	670
171	671
172	672
173	673
174	674
175	675
176	676
177	677
178	678
179	679
180	680
181	681
182	682
183	683
184	684
185	685
186	686
187	687
188	688
189	689
190	690
191	691
192	692
193	693
194	694
195	695
196	696
197	697
198	698
199	699
200	700
201	701
202	702
203	703
204	704
205	705
206	706
207	707
208	708
209	709
210	710
211	711
212	712
213	713
214	714
215	715
216	716
217	717
218	718
219	719
220	720
221	721
222	722
223	723
224	724
225	725
226	726
227	727
228	728
229	729
230	730
231	731
232	732
233	733
234	734
235	735
236	736
237	737
238	738
239	739
240	740
241	741
242	742
243	743
244	744
245	745
246	746
247	747
248	748
249	749
250	750
251	751
252	752
253	753
254	754
255	755
256	756
257	757
258	758
259	759
260	760
261	761
262	762
263	763
264	764
265	765
266	766
267	767
268	768
269	769
270	770
271	771
272	772
273	773
274	774
275	775
276	776
277	777
278	778
279	779
280	780
281	781
282	782
283	783
284	784
285	785
286	786
287	787
288	788
289	789
290	790
291	791
292	792
293	793
294	794
295	795
296	796
297	797
298	798
299	799
300	800
301	801
302	802
303	803
304	804
305	805
306	806
307	807
308	808
309	809
310	810
311	811
312	812
313	813
314	814
315	815
316	816
317	817
318	818
319	819
320	820
321	821
322	822
323	823
324	824
325	825
326	826
327	827
328	828
329	829
330	830
331	831
332	832
333	833
334	834
335	835
336	836
337	837
338	838
339	839
340	840
341	841
342	842
343	843
344	844
345	845
346	846
347	847
348	848
349	849
350	850
351	851
352	852
353	853
354	854
355	855
356	856
357	857
358	858
359	859
360	860
361	861
362	862
363	863
364	864
365	865
366	866
367	867
368	868
369	869
370	870
371	871
372	872
373	873
374	874
375	875
376	876
377	877
378	878
379	879
380	880
381	881
382	882
383	883
384	884
385	885
386	886
387	887
388	888
389	889
390	890
391	891
392	892
393	893
394	894
395	895
396	896
397	897
398	898
399	899
400	900
401	901
402	902
403	903
404	904
405	905
406	906
407	907
408	908
409	909
410	910
411	911
412	912
413	913
414	914
415	915
416	916
417	917
418	918
419	919
420	920
421	921
422	922
423	923
424	924
425	925
426	926
427	927
428	928
429	929
430	930
431	931
432	932
433	933
434	934
435	935
436	936
437	937
438	938
439	939
440	940
441	941
442	942
443	943
444	944
445	945
446	946
447	947
448	948
449	949
450	950
451	951
452	952
453	953
454	954
455	955
456	956
457	957
458	958
459	959
460	960
461	961
462	962
463	963
464	964
465	965
466	966
467	967
468	968
469	969
470	970
471	971
472	972
473	973
474	974
475	975
476	976
477	977
478	978
479	979
480	980
481	981
482	982
483	983
484	984
485	985
486	986
487	987
488	988
489	989
490	990
491	991
492	992
493	993
494	994
495	995
496	996
497	997
498	998
499	999
500	1000
